1000个epoch，每10次打印一次
7.299564
4.68206
4.311885
3.823837
3.570687
3.38848
3.241853
3.116104
3.007409
2.902197
2.801958
2.726421
2.638399
2.548464
2.465396
2.400216
2.347985
2.269064
2.190082
2.132463
2.124533
2.038094
1.96018
1.905333
1.936249
1.845047
1.757068
1.705101
1.72839
1.693519
1.612923
1.529832
1.500909
1.573504
1.50092
1.385642
1.341095
1.345561
1.410101
1.306508
1.214174
1.213785
1.266469
1.261557
1.172801
1.092043
1.095708
1.175566
1.125905
1.056414
1.027342
1.062664
1.053878
1.01368
0.979369
1.007911
0.948095
0.903315
0.936386
0.938561
0.918787
0.92269
0.921237
0.851122
0.791012
0.810529
0.817173
0.838293
0.787805
0.75108
0.793587
0.802873
0.789888
0.779618
0.757192
0.707849
0.703799
0.73933
0.713225
0.72232
0.76055
0.733452
0.694675
0.650146
0.682709
0.67912
0.67923
0.678937
0.705169
0.684619
0.636825
0.60031
0.632282
0.632233
0.650654
0.649004
0.597988
0.579539
0.61039
0.613845